              k             kx             ky
          0.000          0.000          0.000         -6.560         14.843
          0.008          0.007          0.004         -6.559         14.840
          0.016          0.013          0.008         -6.557         14.829
          0.023          0.020          0.012         -6.554         14.811
          0.031          0.027          0.016         -6.549         14.786
          0.039          0.034          0.019         -6.543         14.753
          0.047          0.040          0.023         -6.535         14.714
          0.054          0.047          0.027         -6.526         14.668
          0.062          0.054          0.031         -6.515         14.614
          0.070          0.061          0.035         -6.503         14.554
          0.078          0.067          0.039         -6.490         14.487
          0.086          0.074          0.043         -6.475         14.413
          0.093          0.081          0.047         -6.459         14.333
          0.101          0.088          0.051         -6.441         14.246
          0.109          0.094          0.054         -6.422         14.153
          0.117          0.101          0.058         -6.401         14.054
          0.124          0.108          0.062         -6.379         13.949
          0.132          0.114          0.066         -6.356         13.838
          0.140          0.121          0.070         -6.331         13.721
          0.148          0.128          0.074         -6.305         13.599
          0.156          0.135          0.078         -6.278         13.471
          0.163          0.141          0.082         -6.248         13.338
          0.171          0.148          0.086         -6.218         13.200
          0.179          0.155          0.089         -6.186         13.057
          0.187          0.162          0.093         -6.153         12.910
          0.194          0.168          0.097         -6.118         12.758
          0.202          0.175          0.101         -6.082         12.602
          0.210          0.182          0.105         -6.044         12.441
          0.218          0.189          0.109         -6.005         12.277
          0.225          0.195          0.113         -5.965         12.109
          0.233          0.202          0.117         -5.923         11.938
          0.241          0.209          0.121         -5.880         11.763
          0.249          0.215          0.124         -5.835         11.586
          0.257          0.222          0.128         -5.789         11.405
          0.264          0.229          0.132         -5.741         11.222
          0.272          0.236          0.136         -5.692         11.036
          0.280          0.242          0.140         -5.642         10.848
          0.288          0.249          0.144         -5.590         10.658
          0.295          0.256          0.148         -5.537         10.466
          0.303          0.263          0.152         -5.482         10.272
          0.311          0.269          0.156         -5.426         10.077
          0.319          0.276          0.159         -5.368          9.880
          0.327          0.283          0.163         -5.309          9.682
          0.334          0.290          0.167         -5.249          9.483
          0.342          0.296          0.171         -5.187          9.283
          0.350          0.303          0.175         -5.124          9.083
          0.358          0.310          0.179         -5.059          8.881
          0.365          0.316          0.183         -4.993          8.680
          0.373          0.323          0.187         -4.926          8.478
          0.381          0.330          0.191         -4.857          8.276
          0.389          0.337          0.194         -4.787          8.074
          0.397          0.343          0.198         -4.715          7.873
          0.404          0.350          0.202         -4.642          7.671
          0.412          0.357          0.206         -4.568          7.470
          0.420          0.364          0.210         -4.492          7.270
          0.428          0.370          0.214         -4.415          7.070
          0.435          0.377          0.218         -4.337          6.871
          0.443          0.384          0.222         -4.257          6.673
          0.451          0.391          0.225         -4.176          6.476
          0.459          0.397          0.229         -4.093          6.280
          0.467          0.404          0.233         -4.010          6.085
          0.474          0.411          0.237         -3.925          5.892
          0.482          0.418          0.241         -3.839          5.700
          0.490          0.424          0.245         -3.751          5.509
          0.498          0.431          0.249         -3.662          5.320
          0.505          0.438          0.253         -3.572          5.132
          0.513          0.444          0.257         -3.481          4.946
          0.521          0.451          0.260         -3.389          4.762
          0.529          0.458          0.264         -3.296          4.579
          0.537          0.465          0.268         -3.201          4.399
          0.544          0.471          0.272         -3.105          4.220
          0.552          0.478          0.276         -3.008          4.043
          0.560          0.485          0.280         -2.910          3.868
          0.568          0.492          0.284         -2.812          3.695
          0.575          0.498          0.288         -2.712          3.525
          0.583          0.505          0.292         -2.611          3.356
          0.591          0.512          0.295         -2.509          3.189
          0.599          0.519          0.299         -2.406          3.025
          0.607          0.525          0.303         -2.302          2.863
          0.614          0.532          0.307         -2.198          2.703
          0.622          0.539          0.311         -2.093          2.546
          0.630          0.545          0.315         -1.986          2.390
          0.638          0.552          0.319         -1.880          2.237
          0.645          0.559          0.323         -1.772          2.087
          0.653          0.566          0.327         -1.664          1.938
          0.661          0.572          0.330         -1.555          1.792
          0.669          0.579          0.334         -1.446          1.649
          0.676          0.586          0.338         -1.336          1.507
          0.684          0.593          0.342         -1.226          1.369
          0.692          0.599          0.346         -1.115          1.232
          0.700          0.606          0.350         -1.004          1.098
          0.708          0.613          0.354         -0.893          0.966
          0.715          0.620          0.358         -0.781          0.837
          0.723          0.626          0.362         -0.670          0.710
          0.731          0.633          0.365         -0.558          0.586
          0.739          0.640          0.369         -0.446          0.464
          0.746          0.646          0.373         -0.334          0.344
          0.754          0.653          0.377         -0.223          0.227
          0.762          0.660          0.381         -0.111          0.112
          0.770          0.667          0.385         -0.000          0.000
          0.774          0.667          0.381         -0.055          0.055
          0.777          0.667          0.377         -0.109          0.110
          0.781          0.667          0.373         -0.162          0.165
          0.785          0.667          0.370         -0.215          0.219
          0.789          0.667          0.366         -0.268          0.274
          0.793          0.667          0.362         -0.319          0.328
          0.797          0.667          0.358         -0.371          0.383
          0.801          0.667          0.354         -0.421          0.437
          0.804          0.667          0.350         -0.471          0.491
          0.808          0.667          0.346         -0.521          0.545
          0.812          0.667          0.343         -0.570          0.599
          0.816          0.667          0.339         -0.618          0.652
          0.820          0.667          0.335         -0.666          0.705
          0.824          0.667          0.331         -0.713          0.759
          0.828          0.667          0.327         -0.759          0.812
          0.831          0.667          0.323         -0.805          0.864
          0.835          0.667          0.319         -0.850          0.917
          0.839          0.667          0.316         -0.895          0.969
          0.843          0.667          0.312         -0.939          1.021
          0.847          0.667          0.308         -0.983          1.073
          0.851          0.667          0.304         -1.026          1.124
          0.854          0.667          0.300         -1.069          1.175
          0.858          0.667          0.296         -1.110          1.226
          0.862          0.667          0.293         -1.152          1.277
          0.866          0.667          0.289         -1.193          1.327
          0.870          0.667          0.285         -1.233          1.377
          0.874          0.667          0.281         -1.272          1.427
          0.878          0.667          0.277         -1.311          1.476
          0.881          0.667          0.273         -1.350          1.525
          0.885          0.667          0.269         -1.388          1.574
          0.889          0.667          0.266         -1.425          1.622
          0.893          0.667          0.262         -1.462          1.670
          0.897          0.667          0.258         -1.498          1.717
          0.901          0.667          0.254         -1.534          1.764
          0.905          0.667          0.250         -1.569          1.811
          0.908          0.667          0.246         -1.604          1.857
          0.912          0.667          0.242         -1.637          1.903
          0.916          0.667          0.239         -1.671          1.948
          0.920          0.667          0.235         -1.704          1.993
          0.924          0.667          0.231         -1.736          2.037
          0.928          0.667          0.227         -1.768          2.081
          0.931          0.667          0.223         -1.799          2.124
          0.935          0.667          0.219         -1.830          2.167
          0.939          0.667          0.216         -1.860          2.209
          0.943          0.667          0.212         -1.889          2.251
          0.947          0.667          0.208         -1.918          2.292
          0.951          0.667          0.204         -1.947          2.333
          0.955          0.667          0.200         -1.975          2.373
          0.958          0.667          0.196         -2.002          2.413
          0.962          0.667          0.192         -2.029          2.452
          0.966          0.667          0.189         -2.055          2.490
          0.970          0.667          0.185         -2.081          2.528
          0.974          0.667          0.181         -2.106          2.565
          0.978          0.667          0.177         -2.130          2.602
          0.981          0.667          0.173         -2.155          2.638
          0.985          0.667          0.169         -2.178          2.673
          0.989          0.667          0.166         -2.201          2.708
          0.993          0.667          0.162         -2.223          2.742
          0.997          0.667          0.158         -2.245          2.775
          1.001          0.667          0.154         -2.267          2.808
          1.005          0.667          0.150         -2.288          2.840
          1.008          0.667          0.146         -2.308          2.872
          1.012          0.667          0.142         -2.328          2.902
          1.016          0.667          0.139         -2.347          2.932
          1.020          0.667          0.135         -2.365          2.961
          1.024          0.667          0.131         -2.384          2.990
          1.028          0.667          0.127         -2.401          3.018
          1.032          0.667          0.123         -2.418          3.045
          1.035          0.667          0.119         -2.435          3.071
          1.039          0.667          0.115         -2.451          3.096
          1.043          0.667          0.112         -2.466          3.121
          1.047          0.667          0.108         -2.481          3.145
          1.051          0.667          0.104         -2.496          3.168
          1.055          0.667          0.100         -2.510          3.191
          1.058          0.667          0.096         -2.523          3.212
          1.062          0.667          0.092         -2.536          3.233
          1.066          0.667          0.089         -2.548          3.253
          1.070          0.667          0.085         -2.560          3.273
          1.074          0.667          0.081         -2.571          3.291
          1.078          0.667          0.077         -2.582          3.309
          1.082          0.667          0.073         -2.592          3.325
          1.085          0.667          0.069         -2.602          3.341
          1.089          0.667          0.065         -2.611          3.356
          1.093          0.667          0.062         -2.620          3.371
          1.097          0.667          0.058         -2.628          3.384
          1.101          0.667          0.054         -2.635          3.397
          1.105          0.667          0.050         -2.642          3.408
          1.109          0.667          0.046         -2.649          3.419
          1.112          0.667          0.042         -2.655          3.429
          1.116          0.667          0.038         -2.660          3.438
          1.120          0.667          0.035         -2.665          3.447
          1.124          0.667          0.031         -2.670          3.454
          1.128          0.667          0.027         -2.674          3.461
          1.132          0.667          0.023         -2.677          3.466
          1.135          0.667          0.019         -2.680          3.471
          1.139          0.667          0.015         -2.682          3.475
          1.143          0.667          0.012         -2.684          3.478
          1.147          0.667          0.008         -2.685          3.480
          1.151          0.667          0.004         -2.686          3.482
          1.155          0.667          0.000         -2.686          3.482
          1.161          0.660          0.000         -2.689          3.486
          1.168          0.653          0.000         -2.696          3.498
          1.175          0.647          0.000         -2.707          3.518
          1.181          0.640          0.000         -2.724          3.545
          1.188          0.633          0.000         -2.744          3.580
          1.195          0.627          0.000         -2.769          3.622
          1.201          0.620          0.000         -2.798          3.672
          1.208          0.613          0.000         -2.831          3.728
          1.215          0.607          0.000         -2.867          3.792
          1.221          0.600          0.000         -2.907          3.861
          1.228          0.593          0.000         -2.950          3.937
          1.235          0.587          0.000         -2.995          4.019
          1.241          0.580          0.000         -3.044          4.107
          1.248          0.573          0.000         -3.095          4.201
          1.255          0.567          0.000         -3.148          4.299
          1.261          0.560          0.000         -3.203          4.403
          1.268          0.553          0.000         -3.260          4.511
          1.275          0.547          0.000         -3.318          4.623
          1.281          0.540          0.000         -3.378          4.740
          1.288          0.533          0.000         -3.439          4.861
          1.295          0.527          0.000         -3.501          4.986
          1.301          0.520          0.000         -3.564          5.114
          1.308          0.513          0.000         -3.627          5.246
          1.315          0.507          0.000         -3.691          5.381
          1.321          0.500          0.000         -3.756          5.519
          1.328          0.493          0.000         -3.820          5.659
          1.335          0.487          0.000         -3.885          5.803
          1.341          0.480          0.000         -3.950          5.949
          1.348          0.473          0.000         -4.015          6.097
          1.355          0.467          0.000         -4.080          6.248
          1.361          0.460          0.000         -4.144          6.401
          1.368          0.453          0.000         -4.209          6.556
          1.375          0.447          0.000         -4.273          6.712
          1.381          0.440          0.000         -4.336          6.871
          1.388          0.433          0.000         -4.399          7.030
          1.395          0.427          0.000         -4.462          7.192
          1.401          0.420          0.000         -4.524          7.354
          1.408          0.413          0.000         -4.585          7.518
          1.415          0.407          0.000         -4.646          7.683
          1.421          0.400          0.000         -4.706          7.849
          1.428          0.393          0.000         -4.766          8.015
          1.435          0.387          0.000         -4.824          8.182
          1.441          0.380          0.000         -4.882          8.350
          1.448          0.373          0.000         -4.939          8.519
          1.455          0.367          0.000         -4.996          8.687
          1.461          0.360          0.000         -5.051          8.856
          1.468          0.353          0.000         -5.106          9.025
          1.475          0.347          0.000         -5.159          9.194
          1.481          0.340          0.000         -5.212          9.363
          1.488          0.333          0.000         -5.264          9.531
          1.495          0.327          0.000         -5.315          9.699
          1.501          0.320          0.000         -5.364          9.867
          1.508          0.313          0.000         -5.413         10.034
          1.515          0.307          0.000         -5.461         10.200
          1.521          0.300          0.000         -5.508         10.365
          1.528          0.293          0.000         -5.554         10.530
          1.535          0.287          0.000         -5.600         10.693
          1.541          0.280          0.000         -5.644         10.854
          1.548          0.273          0.000         -5.687         11.015
          1.555          0.267          0.000         -5.729         11.173
          1.561          0.260          0.000         -5.770         11.331
          1.568          0.253          0.000         -5.810         11.486
          1.575          0.247          0.000         -5.849         11.639
          1.581          0.240          0.000         -5.887         11.790
          1.588          0.233          0.000         -5.923         11.939
          1.595          0.227          0.000         -5.959         12.086
          1.601          0.220          0.000         -5.994         12.230
          1.608          0.213          0.000         -6.028         12.372
          1.615          0.207          0.000         -6.061         12.511
          1.621          0.200          0.000         -6.092         12.647
          1.628          0.193          0.000         -6.123         12.780
          1.635          0.187          0.000         -6.153         12.909
          1.641          0.180          0.000         -6.181         13.036
          1.648          0.173          0.000         -6.209         13.159
          1.655          0.167          0.000         -6.236         13.279
          1.661          0.160          0.000         -6.261         13.395
          1.668          0.153          0.000         -6.285         13.507
          1.675          0.147          0.000         -6.309         13.616
          1.681          0.140          0.000         -6.331         13.720
          1.688          0.133          0.000         -6.353         13.821
          1.695          0.127          0.000         -6.373         13.917
          1.701          0.120          0.000         -6.392         14.009
          1.708          0.113          0.000         -6.410         14.097
          1.715          0.107          0.000         -6.427         14.180
          1.721          0.100          0.000         -6.443         14.259
          1.728          0.093          0.000         -6.458         14.333
          1.735          0.087          0.000         -6.473         14.402
          1.741          0.080          0.000         -6.485         14.466
          1.748          0.073          0.000         -6.497         14.526
          1.755          0.067          0.000         -6.508         14.580
          1.761          0.060          0.000         -6.518         14.630
          1.768          0.053          0.000         -6.527         14.674
          1.775          0.047          0.000         -6.535         14.714
          1.781          0.040          0.000         -6.542         14.748
          1.788          0.033          0.000         -6.547         14.777
          1.795          0.027          0.000         -6.552         14.801
          1.801          0.020          0.000         -6.556         14.820
          1.808          0.013          0.000         -6.558         14.833
          1.815          0.007          0.000         -6.560         14.841
          1.821          0.000          0.000         -6.560         14.843
